83.12736139394622
79.03104313347917
98.30454052907318
88.32728965749834
75.64118365224479
74.15265997816917
101.61393139742529
73.05300001738874
90.28151728251886
85.4655378447184
64.51662079076208
71.08879727447653
94.94221774742138
101.86570484492083
85.11467100358708
87.33301690839937
80.728011300027
82.70868939985219
78.53479147190897
68.36250015894309
84.39829725193373
89.14728178009192
83.17053721138711
85.03890887020619
78.75357830727563
78.31064898153654
87.60768121005731
85.90813645553011
83.37766165727008
76.90623612597686
72.15012564362702
76.2846854803847
90.50325207809426
73.42113808802509
64.15224383630876
69.24275358817914
89.24453002738645
62.84580293331355
77.89950049863931
70.8526059048383
77.3101184189451
67.8453387371324
62.09388279913648
66.41745216333243
98.89879737869131
81.49886247229364
77.68224293976363
66.810430745057
74.05373971785737
88.50457252952636
57.95009834512476
78.29011749719025
75.5014284960087
77.81222443836079
76.38202635414123
84.45065723061327
64.79761050807502
79.23095912651121
86.16223953686345
70.95288434364488
73.56890255783415
66.35209626856351
77.68978093098472
85.86837522161798
63.68367846705351
68.5560945374853
79.99392926026923
54.462303472450735
68.13037802592343
79.17930494944711
72.5464138566784
86.5309604473706
82.63059256018505
70.91932964383001
94.98337179053173
71.95425652206937
80.5450622242547
83.45194517374605
78.77195716174414
88.42289705573481
68.27438873970874
83.05745409478024
106.15876915391921
83.96301129996556
73.8138322578142
73.43575995479667
77.19261681217002
88.21026380992164
77.92825812684698
90.79980986586094
66.00438212845927
94.8836678268243
87.23233632343505
87.14242914999485
86.9153239862139
85.93412560007482
83.80140714923013
60.758257663818
85.23601662108453
69.5827555051543
77.78956439255907
79.38447180873165
83.4181557621813
73.64597486672973
82.92546858544655
90.17950856948471
88.19623717351588
80.38587404751568
100.10366882456847
63.570817655566955
83.86382467001249
76.38141729630091
73.24016277082549
81.14582191912173
87.60631666475648
70.41104416124892
61.02462235762799
87.8784547040097
90.26620785608033
80.40082775123571
81.93782220672841
95.80813664403529
84.3820346990575
85.90059013004166
97.84846277237764
81.95511089888228
79.36077056928693
93.12172867308345
64.79735921848776
68.47318032380416
66.10886770571821
108.60166510380044
77.94539563571234
82.41816202481392
84.48001526650555
79.66327999173518
91.45167123905706
84.3759491843313
76.69776992538777
84.34535513020874
75.92187947539193
82.77998190964219
80.06102183002898
83.01545091864514
72.11906112170675
77.47793993666883
92.34467636693404
98.81454395249025
75.58105250905889
77.48829610246668
80.77306687376836
78.88839943905442
82.18269177417795
94.9899251154544
74.83715179603014
86.73398191492859
64.28302096411461
60.22329698386723
87.4013086804356
92.51187201091459
70.22860991219515
88.4472648140706
90.51596763494501
71.76977637789841
76.84737378807067
84.77910094674543
72.46045509365044
78.0004453244878
82.82795599013232
69.60361337158257
91.92555817942804
81.05964044748059
69.9534127040639
79.23468064173862
73.31536508348665
74.46887818290165
62.46016829433324
98.88901549694361
72.95768443081641
90.22464574370179
81.02542592781572
79.49983276149975
86.02183654372777
85.68753801685361
84.07766237548861
87.40459017835238
68.0601451039546
74.05578164067644
87.11833983318633
88.80761669087273
63.451910098357516
95.9555320239233
75.92772883873042
77.26042798239888
73.10057450942907
90.89619769601688
84.72843558810874
74.84631803873827
64.83314389252025
80.25390626455827
66.89203868085322
74.95594192359161
70.59298828816617
92.25385823223904
77.780536890597
89.89866709744389
75.04893726304759
69.14336907547218
79.07927417048569
73.85266072069618
68.3711429224471
73.5809252288258
93.56302430683594
74.49996263557735
82.68965073625047
73.77886881135413
82.43881910808473
84.74219960423436
87.83658348735106
73.34551217638172
71.44917119535816
75.49626944464343
62.434116999049756
81.71732379722799
80.96283696753245
94.57820920255178
69.85915814088169
65.595471229297
78.23803515460823
84.69314469493096
86.84834122757987
75.78102572064462
83.01243967287175
85.08435907168531
86.22913178515536
82.9060043032692
76.90529483215226
88.22952112717883
85.72688490165885
73.44937181169216
60.589866926333755
78.56117732421653
70.88258663952516
101.15657614992043
102.95135969837153
89.39259748637264
60.16303628259038
82.65587532705032
70.05842271827521
91.18986642628359
71.93917468201322
89.99771500554684
91.80092483294565
69.4728016942768
76.7058356668762
75.45257320673548
75.2221440654253
73.68474277280184
83.25224863642784
91.18594383661559
71.60481812893627
66.93315317119234
79.13722151425203
99.00380623209355
84.12587708494087
79.18631975452482
89.53435443083508
97.49825923805979
73.79189757547562
84.55926248377412
94.62463812091622
84.98098988630237
79.86264644090701
66.97905183153121
90.09114964688399
100.65790150660331
97.104609999497
75.51202271431042
81.27670747364284
81.04221979649947
89.46137811685765
66.6125468733334
74.71249066719794
85.24969135192374
85.53475860875992
70.96934145185381
71.54608184807608
71.29811083852388
89.69636447141367
78.16893068275375
66.84182356205137
83.586946354216
73.51796068475407
87.54335753396309
87.48495051646383
79.1561010273841
79.82279345385544
66.18218917349824
91.97686710378346
91.49358709838053
80.39510538480442
62.00529243855828
83.74845584119052
97.38889731684326
77.3768958109829
77.16836457492914
91.73682874628352
85.279201035522
79.26006718636282
82.72192305008949
70.30431817028499
74.87249287810135
82.53124461283082
58.95032490725465
89.65063087921801
84.6218607396242
99.45719661997488
81.1731366447282
84.66073061580164
79.1157283162684
77.29934856567161
82.02203180450911
70.33813816502506
76.81072908601645
82.40177480934038
86.8917175556895
73.03457929547427
89.12120374425898
87.60836572373361
64.67091836588128
90.10644924822748
86.21140088487834
70.3411536378815
84.60948611740149
68.8478727148296
75.96350631316874
76.70333430721382
83.31892517602515
90.02984968219221
89.97428330860902
87.08111466154871
82.60529886092787
91.92589582586497
75.458607564061
73.46168906399274
65.57118536554094
91.46698925731135
72.22492219438415
82.05537325305858
78.37761219610309
67.2089587033742
60.426817708751415
69.54634194078865
87.31255765811785
92.25686030985278
81.25150611585994
84.75226883299368
94.32916276305039
85.74922009678195
61.67130237231976
83.57252340877001
88.21208177250156
72.39688396964831
72.32305067060358
71.26961216412958
76.78907028042251
87.79701667571098
85.61832601382962
86.08157786216154
70.53600866340203
75.4610015883508
75.53274635830212
70.59434339369795
99.05147293784927
77.79036241514495
63.718340629669875
80.58494057425749
71.53896369348804
71.6271527096593
81.61320715896713
86.70341284674979
69.35559748441324
77.67556208502083
81.75731813713531
75.82589681778168
67.7561307379502
67.32662296843968
78.90082964168835
92.20112154724497
79.81115162041927
70.96921755369158
75.6976756981367
74.11298448685471
76.24143824146438
74.34653452968854
73.95064478941313
82.69535952283371
79.824843679791
80.23085546371036
97.86471712738494
79.22220045865754
74.36739781775607
82.91354956167373
81.76209264469972
74.2108211427189
90.45758978605241
81.7036342062828
78.1931607412508
73.97142383130381
109.98280360772559
70.894442009141
65.09085854980603
65.7848749701804
74.78972127016816
71.82269282382347
77.4193019203496
86.40800622960684
80.78929665781322
90.70879918180826
76.12257576639132
77.22985661249655
91.12406832646725
84.1399810337897
86.53243613981172
74.23584885031315
87.3626521388166
87.88845291748197
76.82526191035254
76.52523902180059
80.86135965972139
67.95305571363153
71.81208542300433
62.64547874358474
92.15022203261414
72.72051337699874
69.73869529316156
75.48034647340566
91.24091113964082
75.40642776743559
81.92893135764521
78.84811580553688
74.02199177524388
72.87526796107946
68.63359143914577
89.17250776324803
80.68838384014103
72.659938956666
90.18948250805249
88.02092787524008
82.82778664085097
84.33672696287243
83.42832276769383
86.39575601191765
93.48203070007295
86.3949341515811
75.8251057359389
78.42747397816204
72.26166695124482
74.87970972298507
89.06548494210841
54.740042630554434
87.23490931539143
90.44249520322424
79.69301618664524
64.80062897085392
94.02191817287722
76.15735244088697
98.93317365635465
78.09945305756222
76.31154216960509
108.12038624392905
89.36806950889097
83.22078542232767
86.19268393711835
87.74454470785962
101.66383205829113
98.49025397224617
74.77576224573947
59.8701207568849
88.59188817299614
84.62922506300521
65.16836006940721
79.11499634047856
80.65748292887945
70.37674196284065
80.7048770693355
102.23245395305561
74.35593061112691
71.57319719255972
76.20041624273826
76.54558096066374
86.0831863522598
82.7726692723144
75.1751801671841
75.56002363583283
84.66108366730998
83.46846253363725
73.54935607655602
59.94297019567965
76.78020695242336
100.72582798253568
65.1482163813634
72.31625147813546
83.99958539869276
83.46499355944296
87.242835039414
85.12584200165865
87.6210260263595
82.77648304360785
92.39230557166415
92.83898474818488
81.35428155294038
80.67298633912573
70.16445052304395
75.43813421692961
64.59594587802687
88.16207092803036
87.82981139114696
57.984761895437
67.87911599721899
79.39566076212013
88.58836730789719
74.84788498074745
96.34511695557195
69.73762599417321
89.11220342263903
83.8713008096628
80.94338327348831
89.9422178167147
81.21049715102846
88.5731206294404
77.62675810939444
72.49981385397301
77.01425083672363
57.42658660656852
80.32130506539538
84.67723353896038
88.03490577197545
77.27565585305175
78.99099989726444
81.81075843029335
60.2121756018661
83.50265374044744
74.0975508323567
63.29147007413512
91.54195239464016
82.42368569938307
67.8584135282385
82.53046536838723
103.88894591225133
93.392421166517
69.89991809334725
83.61335580727103
66.02213916045348
92.85512920324624
98.06166995736601
81.4666396987981
72.22776514232218
78.42064386715444
99.57162226154743
83.57491983173159
79.89428007710764
82.51466909786971
64.53602350693552
69.01561893096152
82.81726710243666
92.38960476986205
72.94037774189766
85.42135723590798
58.922526147770746
94.70519910880397
98.10797984958629
84.73677882090442
84.58417001268512
70.46400232773706
76.94073322473345
75.96156352417742
84.27334803934394
68.2042680863729
76.2230039406224
66.56915854157842
75.65718190400335
64.64584935802853
67.90657946952227
78.17984784464413
78.47998936933018
79.02640765149718
83.79300688929544
78.36779839928718
84.64561882121795
83.07289079245076
72.92209105510359
69.4815908757027
81.29675760652938
90.56396905362813
85.08782277321765
82.92050208713894
82.90212084630636
91.19164911638393
66.08204637113876
104.54890636624125
75.88917832635516
79.14619116840164
83.65117743112876
68.89830229529512
66.81163339233174
93.77100397545172
75.61835235337578
94.95625940556403
90.46127893815387
79.54331160439845
75.109018583049
67.37307329651676
95.85757212098304
85.40346682889094
80.03744844917107
77.2713160959493
65.11840734273233
75.87111918347247
70.51315855978184
86.38135095894114
83.49566451279601
86.90820643301491
71.77308512112197
82.22888869189767
78.37427543906144
84.84677915512844
85.61224774497386
79.36112253126643
79.6774843113882
86.85368160353369
75.73515608401775
68.82510594205593
98.63718402836747
89.81117889057107
61.124219731293586
97.18844257265594
78.34976685696522
77.03249312104172
82.78928149744269
79.46371998002617
88.27444100247546
69.73731996214009
66.83188223260098
87.55103234940816
65.33082161290861
85.3393549540053
91.07665892754001
87.43653841845394
68.39207968785975
97.69646838529022
73.15864636118233
64.96449982599238
97.48769713916076
78.40926598137952
81.31802476975643
79.18171279092765
94.88108325608458
82.60368169802089
75.16217857368095
71.09964918213339
71.70923330639705
84.64851066698793
80.12538975198815
78.68570523078792
70.72104221104428
88.83600518547091
82.95182160172745
70.7896115458608
83.92092975069981
109.15846381936821
75.26199562295791
82.22829271348436
83.7278137341367
93.44132852494522
92.32575264095355
82.59915466664327
72.03287508319744
87.52175130001649
69.20486177492673
97.46075713255286
80.12521712838772
83.55855794151074
75.4294977324372
76.08276429735187
77.27245386470805
72.189312827381
99.62168993677386
76.96736628474017
85.4732688212505
76.66596581189977
62.27994975346445
79.23839248907251
81.43622088069708
73.02957407941861
81.17442318193169
97.94288964097643
93.93614266463548
90.42438150486018
82.72431967136572
72.01318442762054
80.94778686017435
81.4208105271395
77.39763719879159
63.9014336636129
81.09832105926176
80.46389539491818
73.43293969861534
98.28943144934132
85.07910673450809
73.36684822322894
82.97079038526314
85.1642866228232
90.0709700540267
75.15907508714238
72.61671933166845
93.93999881348213
84.51890401012601
87.24114399923685
62.215515711129704
64.63867004756972
73.60336772257833
85.99581019041779
82.68533729189969
81.5508231783398
74.09813272309763
68.56042077116082
89.2336943982492
69.778348621987
69.48346129440634
92.5067653388032
63.129619439477146
87.69548997753114
67.16630478886304
79.2093027969036
80.38185240771355
80.99775408594846
79.55396444828581
80.81274867431168
86.27897971200059
76.38250975513955
63.73579696477371
78.50006562235322
71.04079033952401
65.23410338756955
88.17958545904854
79.09378737738645
81.08264161944548
75.12495553907291
99.33370152191577
81.58893025919933
77.7096255160782
90.96398630242412
81.87686227297868
84.17025891957032
86.99103784798261
84.5627956456704
92.11297869088807
85.73345552911327
83.05125001549538
84.21167456873825
78.68636571807579
82.31294761617012
78.65305967971975
103.18122703384648
85.74311361088462
75.4781392031282
69.11265382969373
87.9033410865383
98.83700762559361
80.21673664128726
94.62119929053094
71.38213027644841
88.01232330006779
83.2638529807432
66.73939799706238
80.61380580267044
90.9833133206318
77.1344610610672
95.21556187024963
74.24490854946285
81.4052402912348
84.59343734045572
87.11379575978526
70.246083394563
72.68848514740812
85.9887639699107
71.0261695126522
87.47257922885088
76.64628454999765
102.22929410632239
72.25613897679405
88.17601939749942
89.71905650324742
93.02377014065523
76.32489943945728
84.58670492212886
71.38065862641167
75.29469307555694
90.76629014284775
91.41930860880767
82.46036268885433
96.65399825631489
86.1820587513111
76.85932206032444
71.30759910965573
81.59766254323547
87.40692920854036
88.7484560707189
87.23020077337294
69.68682427460311
74.28012124177903
72.7309221577523
80.8375801734253
91.73137348858613
84.402262592322
95.7330100061141
88.3691554932428
85.45827997094656
89.02805477876765
74.95174799878772
86.48355838378676
94.53095227025182
72.54847051943223
48.21327105553733
63.717507415586844
75.00540737139897
96.31612929854163
75.62110806540188
80.88913368511234
81.93371231933759
80.11464427204452
77.4333137505771
69.0711549337712
86.54388983495544
69.15095678652979
75.62102790997889
67.60769800636004
84.58429608804838
81.57704924510341
71.93106391757722
79.93985738184678
89.07070258768596
83.67271950658701
79.98164711878127
76.656824117094
81.59775219958843
72.81914058036179
71.23936093590858
79.28767245639303
86.30647112460237
77.30925814458743
78.82243869856134
71.59453367336198
73.12108526372069
73.77035618509595
69.34437351101924
71.85086069434637
87.57449402888044
80.445361372278
80.72513427867439
90.19527035384257
77.34827631522828
74.55291387176672
75.55887439004253
106.5550081888634
79.174642237524
93.58972485698047
67.65763787680073
89.59409342183295
81.64255920561361
78.20512771397156
82.81833258577801
76.07309212498075
87.68134099033979
81.01224367415908
77.36751397360737
81.5456244306167
81.58909100211467
63.86810864116071
81.36824823147931
78.89205885066703
90.58604366342075
85.8321951096855
69.39872223179565
80.80750957294984
102.99426467147751
80.15727131868007
78.12777127388495
78.80255306430374
67.02525595149763
77.10251697876356
73.32961605421319
82.7274237281603
88.73622185296702
95.32791497580827
70.08278086200562
93.23931303413315
91.14932629005804
90.35466814502338
88.69008626378395
99.16497136787999
62.77913122398831
57.24842100833734
87.16441614504373
83.21567995290899
91.49145078688427
83.28136105742003
86.04230453198375
96.82576102285209
70.45896627827392
79.09972385141185
71.73686130660018
75.54060074706132
73.91452496592179
89.20373078750242
92.85943373164507
84.15085679522885
73.19167389137314
93.82968646340963
94.25662077087192
79.2379325940618
69.96191135429103
63.02292750106934
76.62961566807378
85.1125637799195
80.20993871358705
78.35526776520749
73.38671314129206
79.52476435837116
84.72849820069682
79.23096762424125
75.99347815085979
95.09763812522921
78.59786298791197
73.63385158634946
58.18783980591691
79.02311787774516
82.62448912168554
76.8253576006046
81.26654709622355
80.31343891361561
73.12389844293138
86.75837508798595
88.56832393014658
79.41262839126966
85.79170544855351
92.6217668380668
83.00760111950063
92.8192965704115
80.80096836623652
88.28759115045301
62.04421901812894
60.33796371543323
92.87963827455313
88.40607532968082
76.12333427444972
92.59653166855966
73.67699959961452
77.766563024788
85.88589363993613
89.0894666006715
86.23965944962583
90.39725075411377
76.73061452886287
83.70559867252938
77.58180323403073
76.12058020309186
84.29763875979994
88.8748995696492
99.03760187117578
79.67673446686088
81.54962250456471
88.00300758518533
77.7710268144933
79.08795522589187
78.97286170986692
76.53474930921564
86.26950761600824
94.26911351036502
57.62685546733046
86.64974443534624
79.56250987977235
61.00102827299628
81.92401156764748
76.9161467619761
87.48187499538372
79.55730517913854
70.184764576341
97.07412420486057
82.87569034803539
87.72972408189155
84.62410275449552
96.01069274843165
76.95889911974199
68.19220471453178
93.69020536880616
81.03223054893628
82.6616528514165
78.25682973271688
79.38076816341899
78.83372249318835
85.77588119794981
82.42578118455593
67.50226377911177
77.4841378708552
98.2576362337495
95.52365639289094
79.1147229608972
76.21785294724424
72.63096314072496
96.11637362411918
77.53979008251743
79.89285751330095
88.51538101063663
84.34984695730793
87.11511762545881
89.90228799607355
72.92447313078031
88.03849850576457
80.31659576365759
98.31709295491075
94.99379894975922
82.0261787811782
72.32283902168213
80.35764154081171
95.6184180646561
76.71277916137758
102.89017005975603
98.38846460684726
82.55967837269606
85.02511847282724
83.97929330434589
91.55494170966037
82.39539334176956
86.61583942690957
70.98096339433076
88.85991906515751
79.7706141903179
66.31773594295886
80.65334010001781
70.6642528903947
84.03947280569118
85.1696840220223
69.96175509319946
106.04063055074678
78.29348534585327
68.49144261522615
87.76689506485714
80.54295583152167
70.37957687084355
69.58943623893425
70.34839511372344
84.95227255534238
82.36685484248966
76.19275173440988
56.74503435837769
84.71927765455251
70.320660134271
82.2492587589253
65.52203163468143
69.12116859891027
84.02411118934103
73.56223330711693
90.46690249888013
85.1617573558092
81.39861378957922
85.35886813491703
94.38949324202399
77.15754269496584
98.05169097849787
66.0253688600029
76.10102194663128
83.25673301163782
78.41644504360781
79.35185050269247
82.24510386268122
85.77454057172186
79.56427827483881
70.05679170400752
88.50874172392037
80.01818939514877
87.16642039409089
65.3900960928719
99.05453696394044
83.75546293109733
85.47421247434089
72.95572922652038
86.65551184996977
58.06541624799279
81.0439266464065
75.261802126617
92.35761200553937
90.5312396038872
79.63548177737712
88.90507783823583
72.24665629431576
85.77427240624776
62.14458760177231
74.04187252528264
76.42812847942793
81.0780235785846
71.45446992320142
76.94760333104234
76.91433520038662
67.44090838479607
85.51984694419303
88.49284241494956
77.79596809467424
88.12635388523184
82.32534024567083
88.75274508758022
79.98914802841438
79.83330378993983
81.8051339284956
83.67888171632659
82.23697534332922
81.88640617986937
99.89845506657039
77.61779402789792
61.8476042071783
89.27551392925776
75.93733734682307
88.33795821421525
80.98231910735413
73.38316917884512
66.48234232652727
85.62080442221763
77.8663146316357
78.43100009146481
94.07210743957555
92.9338044031395
90.93081452124899
69.59252014693942
65.17209844384752
77.1867382631862
73.61285854667867
70.80848663485821
77.54564513681096
70.4853641688914
77.98093482034946
86.53081890767729
89.53695821646446
70.61673456989163
75.94902904424802
68.16500543760426
81.30873841103603
81.36918455125156
86.78396102198997
94.96532614682079
78.54135690298784
82.55957670483234
68.49428846966265
65.49143729670035
75.13442872409283
76.83131899815388
74.85799222917932
81.87278278998231
82.93360160002189
74.17866178354046
79.83299657123662
86.24114172989874
92.94400752311027
85.53461089342373
78.14314962997177
86.58082676313813
82.43444747722954
90.05592297374915
84.09296546520036
75.70526513587443
85.99610871699986
80.71157575252457
94.03706022629703
78.85564390094638
73.04790361952264
79.59324616050549
90.53619163343964
77.62781253332301
75.51140078775816
83.4125299551221
79.14756456889936
76.2364150181792
75.76430646410834
75.80898202050683
75.24592048826347
90.00314651431222
74.99740354344479
93.55360591914689
91.11321256100763
65.85543057837663
67.32889885188727
89.8642583037068
75.74271761994254
75.35614973484302
68.1914211566977
87.36766869287625
92.78740486240287
87.97719584422903
82.46149124618712
85.81149453940726
93.80957638468752
88.8381009927989
70.25798028698847
93.8565008877849
70.50916758148315
69.68782518356294
95.44837498624446
85.05737027123396
78.62924132513193
80.77640375527346
74.72914875798955
71.44239894890164
85.35697037403342
73.70510266386444
87.44659991492681
71.44399784648037
88.06011509070136
79.90831916653505
94.9298083194885
72.36902277095648
68.78818023950545
83.41514237113749
83.49441122920636
64.58101176180007
86.08506526236175
89.72724641347536
93.20055092298153
70.91798447613907
77.82065309249658
91.01217750347712
75.80802339554063
73.06988508581904
93.85411469193554
96.08416895920969
63.1615545195886
91.85423616979989
62.11180339246068
94.22069053891263
73.7597167836603
83.54913104495375
79.55418100844881
95.98935087192524
100.68451391577443
81.74252093663235
82.72759320988266
92.33978213501277
83.03173060338722
93.92870280148797
93.49420185907503
83.12280549283969
72.8032274417458
88.43956298981121
68.40826197647226
78.7513877989437
83.8326073952737
87.0133605062223
72.9342484315888
65.99492569801961
87.28574568560568
64.88651240136466
86.74863652406121
82.93319409096566
82.44594164377322
71.5541388785847
91.1245049873192
87.22589847101881
74.87729544790898
88.36738449089528
67.77388798130042
83.94484359278914
86.92929419433815
85.39838534159185
91.51282559668127
77.32476336065325
89.62068221358726
101.77863363277612
70.84368763908756
72.32496231929287
70.56134848855243
90.93387697121149
80.01822630277638
79.70503104230896
79.72275930626002
76.22657420276414
92.38185197501443
78.91726567072797
69.6689606750089
80.70147977987031
85.96772570871138
77.21937781623544
71.73275817067632
98.79894736647651
83.7164914761762
87.08796674104109
70.09114290901591
71.12685431139559
64.91346711793409
70.22703790959712
92.45589929582124
83.60868083465762
59.18150153542344
76.22802073432035
63.07475088874957
75.91308828991376
58.455333220058016
93.26265803562423
91.08037417810445
64.35515476563683
89.78029662356919
81.15244877922068
66.40041590243361
77.26779460069767
79.48753633414435
72.12426197540745
89.71634829470959
72.171468267022
69.58798625383642
91.2701923221627
69.60445822205736
66.20145248898913
75.2259342010899
91.85415270197717
84.33412222158526
81.79099985731501
64.29901630306328
65.80308206001487
79.54850402705684
87.11675576695455
80.31925683017768
97.30332851442338
83.06821799414402
82.98959932497873
75.98115782262042
80.69652878913624
85.45309960203797
78.36639682513602
68.2623850842088
79.52325709130083
76.41999774661568
79.58696448234352
94.20800316901254
80.4656568278379
77.71877150112587
86.72762505891106
80.3806992381172
78.03466534084258
77.32632336866955
91.72727426585278
79.34173185222505
75.55297879327256
77.48769043840475
87.27144436962836
86.60725088186278
83.43367687291715
82.05753368803337
81.53590500992485
95.69053354482273
93.74189751789935
109.22688855671962
77.61636853646125
94.61551831627487
76.71816768016888
86.28129956829505
71.76686636987759
82.74556929369237
85.49938301522964
77.57510090150767
77.52020255064156
79.9059606763601
74.91678687520562
85.900291734316
79.48058810633344
96.60236087623396
89.81030704152006
79.29008518319147
86.21233397050486
65.70178567217778
76.22402874385884
90.47582053786458
78.26422905524402
88.18663416017304
80.0766986936672
99.58295189506339
70.6814204164466
89.40813214582904
64.20182222538895
98.12670556734577
77.24484685970015
72.05047699882512
83.14790818254043
70.08642899683204
87.10878052642835
96.26448282130511
95.92035469532865
66.33795934918179
77.22676747309451
76.4942599399973
70.16044731805914
94.28631486043417
75.0246829790492
84.61685592562307
73.66948561166001
70.43931426262515
86.83771538322074
72.33087444310719
78.58455290178355
80.55648816259064
102.11876626715573
69.75387504025977
80.70766966748337
79.17542040090393
83.85549026853518
69.7689543927232
82.83066798253621
71.27730142974649
83.66685304486944
93.46419190444061
71.42060794424928
91.88278737632155
93.6215707003459
91.10458401605092
95.05593516655466
107.80913077780649
76.71130330033958
57.62471515373916
75.75281871043254
57.96986760774955
82.77467076045649
83.95277557433627
79.43235532187285
73.78380062104037
83.88902310315034
75.93301967049639
75.7319399148783
81.66881239733311
68.06330227333503
68.13705302885764
68.32532699537845
70.64781791832162
82.46626416048572
75.04406873669758
80.72263876787548
90.60950394668265
82.86841074641355
95.13029521956148
70.53970871520707
81.40164476853738
84.94439334868979
89.11786880334941
83.1202977246534
88.5337631200159
67.79249336777787
91.80639881674352
88.61936334653558
89.3308068303219
66.38937699477208
48.40220989780032
73.24859958468147
72.23397771148169
76.60711542141789
89.7413934493861
83.9049908393196
92.70748961916004
81.97766842999202
92.95423383229793
72.13903381639885
81.49168196670351
77.5665413360761
88.85686009977533
84.51224142759389
78.49987354116459
82.38231398713445
74.10619426725016
52.42739687123584
80.1944855903132
79.75088330186266
65.38612680835118
86.6333308591927
63.588919524200364
90.6484819676584
79.92128334866848
84.55996313950547
95.78824522257915
89.16078027900126
77.18305662366586
70.52248200230072
96.25019397362524
90.77840603745304
82.2735684875187
80.94838721468984
74.60355991588312
80.6707989965947
65.63941093540588
89.42150667704766
62.846192958277484
66.40770823074227
66.31033248440059
79.51672151189527
69.33765302499316
93.9172315806158
63.69470246408575
83.28469819846566
72.10787629331026
87.13086076930827
93.09103913223434
74.07280389626729
80.83008077121777
79.76338456658448
67.28753088566981
83.75884063872695
72.04377951278795
90.91779427594427
82.10710862062287
97.2152396367868
69.71764323517849
68.03307215458177
89.96818482377896
80.35995071890477
54.63142624003913
73.66051128332549
96.12795605202618
77.2389176995692
80.77415086250667
83.1876364691426
103.28420011637579
83.9041546949411
80.77006578455813
74.61343752404588
92.13265582955182
72.95344055276615
83.46940655665321
79.64496755508185
87.29950766668533
96.31476651930939
69.93418160899138
89.49797523436044
82.03539432372713
73.19582534277902
69.43198101745489
96.6667968655143
87.26909762058031
87.49707810506472
71.04369133535634
97.18412499035946
74.62234484465083
74.50836081665503
86.36516865023431
91.28317847709178
80.95329578673412
96.46256470541645
89.66805846252214
77.98870858786898
101.91420132952945
55.41096016220449
78.81787319680943
65.47957418512624
86.79556465700844
85.96584855919393
74.97933197061823
82.77536352156719
66.73977491892063
97.0171883792411
73.26609368470226
93.8906699462735
78.41449341684884
67.36206426754381
86.6769543782301
74.80701879972212
84.33873990347416
79.12275721263418
78.06282775234543
92.41644856351606
70.72715323598092
86.05004168273254
67.13375413005407
78.95459589933775
56.24831100469241
78.52622235692007
79.78024299517219
85.2175721716634
80.0664417864326
90.4194402862357
73.56568109986368
88.81352942781427
87.34531344125075
97.16919268760788
89.62333195608619
89.65418825741486
95.68303333344521
79.59823784822235
78.87217699267532
107.33481205145756
94.93011614565529
66.6435989863578
96.07487155897115
90.16508682707469
80.43264816345388
81.36870143701081
93.84007226987562
83.60636756933094
91.1880139381446
90.00650366194354
78.99951417922591
71.13652935260288
101.66790278108834
84.71249958004151
97.91902350053385
85.74534321626851
84.26819744511458
65.61359785801518
82.59211721490536
78.50516507542592
64.00865347065482
92.21332726983354
96.80699530629802
82.79793947850985
91.13040746088801
72.20791360200425
79.29990801733818
91.80351988708237
81.01179644434828
74.80244762624125
86.51469422161938
98.53941045065488
68.65161065165597
85.0339582082927
80.50661791056287
77.51095265134425
82.26089661977583
82.91261926857528
68.43302555856033
69.10867958042765
82.89547723442197
75.31540420294439
72.39707795017455
66.38708085707589
78.40070613071715
92.250062760126
78.96149600948957
96.69530561525573
74.35820416042307
76.89697187375998
92.327195147465
82.90652741061379
97.81734337870719
81.23711407581929
75.44950020320661
93.18772861812175
86.53451558874133
72.6913150978345
60.005890285080305
71.57574606644395
66.2959490360299
76.20334130356693
82.28041954461487
89.57574268764446
90.9977767175316
92.41524235459144
92.241525657057
89.45666429268624
71.35317110418279
75.26232721757837
76.88648627298215
77.35849317269093
85.56064913779622
91.68810247999592
90.81814160755584
74.95681022729545
82.65298422232105
77.3510537346034
84.04873881899427
96.29745595086243
88.69014628754988
84.95859182342193
82.39236547543862
84.26557828739661
77.1379446370457
79.47253931218522
87.72849920836299
87.29910331591284
83.16681619288259
86.96155231595998
88.77235739128457
92.92684386095245
89.95313743577994
76.57032674054298
86.08244598268968
81.14671280495875
92.75379032297579
87.6064246041401
87.36952286511928
86.99784859565142
65.49316418619274
65.40556919496589
92.65976758558723
76.77606858664035
65.63076039218785
84.7730086776161
87.39394707350772
86.06903251368092
83.65908506306246
86.49304367948346
91.84503028488835
76.89157210558828
76.22127516346825
72.79518684484661
82.54201990411929
76.54067242151154
81.37396900417693
80.02871560599067
75.02179215048625
71.50747811107833
64.45044050015082
73.72843489842384
96.70122113350921
83.3939430531365
87.14835289849603
75.84629518353455
72.0329142248234
84.2683323737925
87.49456190612074
76.66517504583686
92.73862036996923
83.06715920581877
82.67004970311473
83.31238467835573
79.59355545386218
91.50618177905793
90.15281232561952
99.27536520200375
82.84311401309779
79.52825512892628
73.90135565967589
71.91775173113187
105.78485451017026
63.681726613624534
83.80726072233129
84.46591175596197
66.14664488679809
80.0098650477673
74.44543647502988
87.81105471233236
84.90021963862357
70.56105176419493
89.72151034249285
73.14659447532696
71.60077714602494
74.0886781497745
67.93665698631388
90.85739608234823
79.07860002925251
70.12322109317967
74.42376318846797
93.28858994341346
74.02936666416117
100.90035018788153
96.70066435622213
76.26259520666066
76.21494257482803
82.86012765438495
89.44973442183328
65.41254058879501
90.8998737982246
85.91299337082721
86.81817026363937
77.21962857923562
80.39825062842223
71.35884086529668
79.96454619936526
78.90270008537647
54.251433569881115
80.73226786183565
64.9059799313956
64.92108312645384
82.00597246412536
77.13737990167657
79.34662468884537
98.65846328433145
73.08754106312901
81.82031569869874
86.63150231174149
77.15752956851208
76.49167696049014
80.30137333296695
74.11997304462095
97.83424693468608
55.869243733262465
86.58510741821398
91.82710642690019
61.92872745787069
92.11596459110456
61.36663355022249
95.06121122964038
87.59600687595147
83.52527815129945
85.85432328467638
79.01942336533399
60.94353652837134
73.2368744789517
81.72680042453777
62.912460803889715
62.014017817239555
95.00050117651438
91.41671643152472
73.29680483059727
64.64070186185221
90.72668625612455
82.20033052219256
63.430386753885905
85.90804976827424
97.42322115157083
83.53156672038426
89.51383632234176
80.11169546604305
84.37064640510732
76.34155155515766
75.98663991349065
101.53406527475406
77.61512806309759
95.7773706445085
83.5524177347804
72.82479947330752
74.25433463743423
84.11146948866181
61.7762261190698
62.43943714531353
95.00321716833949
84.41243671548148
62.07670070505467
88.88162952794052
68.50488210401954
82.17082751252931
81.3421159237308
63.88385433693119
65.93969023936258
86.67704593904749
61.25178931107979
69.25649177188554
78.27142016364533
76.48450644829965
77.78512726193392
74.74508804807527
62.17634260215408
72.59199042798491
70.25522222611527
73.5894281869885
80.1856487346924
75.83900271474263
57.148552092541614
87.56458808481646
81.02179329509848
79.02058396804449
101.43523251933047
94.26864886765821
83.78038043631226
66.25256646425042
96.70470750912443
81.59695226803538
83.70722740699294
71.67104363681936
84.77410397935648
77.52409802101079
90.12994997507744
74.58754989355194
88.3214087864575
82.95040560322124
80.8768865186137
76.15481210644415
96.63301270242187
77.92641769108593
72.69325015638717
70.72394524219989
89.87277618463881
76.25071243480474
79.43339679296602
75.64311970141677
88.46447390214915
60.69661269577793
64.72874679904321
71.44336743066819
64.19187030311934
74.91736725837407
87.773356844605
58.32730775208026
81.99404616583593
95.11138910652738
108.80808187884779
70.44200529655006
73.05264387229462
68.4924569457223
79.61717770616212
87.5125660145568
78.54948464433376
92.40186529850624
85.58822215667908
81.47101380426054
85.66033214964321
85.88012670097085
78.80638850136222
85.42781810872874
74.02542903626853
92.76265957367474
67.627150798136
60.937145784692085
71.13739532793414
65.14586483777553
70.68520633620389
88.5816342471929
71.03096275163847
78.6555624859086
68.66027385581431
84.50484969310115
86.87909784480064
71.52324134448656
74.95926029757499
93.42420977495955
64.6778713858473
78.84056860921825
86.76261853805028
75.48062813481334
93.97305524495829
78.9558139551703
72.78682201054283
98.35020232142813
76.23456648786451
81.00426155329068
95.92104226161794
90.13970046603441
74.73938554274628
63.52563732887599
53.35902289330837
86.89103051830196
64.59220535467468
71.27344679620325
83.75156515218634
88.7762728472182
83.11365793548055
70.06351409755106
71.49702089705013
84.7853000863293
83.67821176701442
81.46541696170674
89.11112274290394
87.21215049165689
84.42146020107401
86.32048548690213
75.99391886199103
82.43487023968193
82.71559984028477
92.78557049342739
82.7733481029857
79.85085264237688
75.23196370404096
74.70754727334209
85.38639939574792
97.63328289873184
69.34109474580248
72.99922831978236
98.20014553146592
74.55592259511091
78.55379132857244
72.99950061833084
60.868306675117886
84.00623998106646
69.9394017653068
87.50438450867378
89.77566843520441
89.45273657855496
90.07642095188167
85.78209968485629
78.11331392415914
77.92396774438552
102.5153976054635
89.50724587290753
91.35397684276674
68.18682835590286
76.10905052964306
60.13526278997951
82.32105588122053
95.18596028276647
82.6669713699416
80.71299524354512
74.75034797017162
69.40674456157882
69.09819425347902
86.9417605247019
84.92285665223102
88.9582600806138
75.58051686141536
74.91067588664717
71.28166232233555
66.44457021913668
84.0450990231332
90.02486820022065
86.71404708240678
70.35874083652283
70.64699747410694
60.21533598870318
72.53823260425814
64.36407587992481
94.21825619069394
74.83729056533912
67.7856615599392
87.6607152118443
92.24684804675142
74.15336426680506
73.06375538771483
83.998495777787
77.1763056538812
92.97926807766652
67.1505045955656
62.36869057440076
97.21861925579601
90.14709573326665
99.8687627029611
71.01513909250743
77.82379592169112
69.80711445200456
93.05363679004611
68.37387538867995
86.90157863380648
70.86893135536177
70.39972444074341
94.19185209851568
70.84789347868764
73.72208249596828
73.67896100363218
81.82302289234957
76.92671415751835
95.96689895774038
71.9653341715723
84.64696947718981
86.91506859271875
78.45432620770914
73.07711189254384
89.00837764055348
67.32806900050115
100.82584489952993
83.3634369687079
82.29903489607582
80.55911305325829
83.7402753320236
95.76747653038132
60.58728712868317
96.19781497277745
88.80163461800079
97.34421988139815
95.31589432519321
76.522994666962
63.690504369959584
89.90415693152038
71.95314910019974
81.31165623044971
81.6120866018461
73.80020537474718
62.684147835052954
81.04964168540207
91.81616244609901
71.96317744295854
92.27343535829431
96.19471304779994
66.33980292329842
102.8154007012083
82.50728177846773
83.8765139155276
82.96815796443538
67.53774744660637
91.96295265473874
81.0197338807686
93.75993285436618
84.29514660271245
82.4324437375175
83.61778044797313
79.15827681803285
87.76645363318815
86.80774870296355
82.89735597911115
100.80465627605552
68.76834283344975
93.55032107709673
71.93437411814169
93.8409518954638
84.3277973627063
84.85241625366751
63.74305656992061
73.84677379651862
76.74516259473242
88.7260116718061
78.01995369851073
92.08393859360439
80.51419639145766
63.217024921188894
73.03404935405828
70.14724162833193
71.06247907391165
63.312571154120306
109.12433881628905
94.8211522133947
78.62393035670752
68.0684573731303
67.50443702396369
96.41240539983481
73.78641407645837
78.34178845408337
72.16619793666919
82.32689093364093
72.87045918770032
79.1349656299185
99.38638052170909
91.93691351501683
79.02894018824543
74.50657718769466
77.22518858331341
71.39725666045216
89.07175530433254
81.87832697286922
95.7443351830592
90.91110745043137
79.36073043804447
100.33340676883418
90.09316117025132
76.95684770682486
79.78821436120604
78.86227380098873
87.13244733440968
72.16016218264241
61.88414661566931
76.87337725634676
89.44352630748865
83.9982715668181
80.81789404833624
88.69287790500638
73.42762860915539
79.45279984566535
72.00401029799042
74.2965725252707
68.5818898331861
97.37278998798674
75.14516279399481
79.65048903403488
83.79590029286256
76.89486141872642
69.5417700535543
91.87252591963451
70.31557428331205
76.77142912794943
79.02958837052893
75.8520170146309
70.42111423386373
101.13331470768709
83.18778418054204
80.9613933161974
85.7538186724053
68.93213406126647
81.32565080281785
67.35623580403336
67.31169143017645
79.55666941146683
95.93884963946937
79.29836250284438
87.86954131409614
81.53851963516028
82.41259473802583
95.10048004054681
78.6528585354477
61.50123639310165
54.293300419099424
92.52955189651621
88.06447577665345
83.71058884498758
67.06101566271595
61.63590886891749
83.98585066262973
74.9824826050882
90.46303945930256
87.66770863369605
75.22485447133477
83.25702113773255
85.81613594210818
72.23080469622079
92.36064486879133
83.72726728124599
82.45260820556197
71.5204988499153
79.79955474279112
81.2881934929816
88.48478104706447
89.42712278120779
64.39618051969197
78.31986855626205
81.06979919567648
77.59887553528641
82.5055781997109
66.57705633362522
83.92490026183933
75.9341691140392
62.73605207768447
75.0197864268271
70.06220884236198
69.99058385318642
61.78437621354874
72.91009399498965
75.29146340238267
79.99247031152579
80.90573120862777
83.2033298686239
74.32009334756894
91.88199951093965
82.08529584338447
87.79880789836041
89.02371005119412
94.31472167880027
80.24900763176937
71.92319257805684
74.15272746593726
87.56283474082464
82.95013448416408
89.73051653472226
69.99964262212592
88.45865809781014
81.99145226494622
80.33709144937583
89.02055086366458
76.90889917075911
57.80563444085817
78.17953499538191
86.91131363134599
59.76861929437884
73.6477392043388
81.48476426034753
76.54018593568534
66.1859998838002
105.0354868459446
73.75337239906234
83.21634252234237
85.21471318492584
74.70574826183159
75.29480947311855
75.04018143628763
72.85823145701491
96.68944232810408
77.13925524195936
79.87200126569599
68.6392686778783
68.79719675465901
71.36706074534857
71.80606168422392
73.42179113670603
88.09490871374113
71.21220053931715
79.0932910521653
89.91224413867494
74.81208841673569
71.74537743496529
88.78305928827996
79.61384893680359
83.54741593506073
78.08032096179166
71.96331598070972
85.23137178346322
83.94547983954146
82.51065314145507
64.58041572900495
72.64703758098749
73.1477008865447
99.06140421155078
89.81045057618383
78.72650774216588
94.80923335671883
71.97008557529975
77.3835947239379
75.33961390484318
70.36670992240715
100.90446146583449
73.6437331083634
67.93251921258395
63.78166564817416
80.38893369596654
76.03480500185536
72.89585997858461
79.3746915913745
93.25122228160072
73.72426858346587
77.07528248108511
82.29802527745727
96.21218333650383
72.41208057322149
82.13324827157378
107.41555903946248
75.1686359969649
96.78903316504936
83.22697874017804
83.8178734155866
83.63722620432551
82.19650811056164
76.84082216013906
84.1258083712847
90.86822116764596
86.49032438104226
84.70768873370872
89.33399741511766
82.38069956169534
66.00233334208423
70.4216006728469
78.46234535692552
71.37481385246582
96.58756674672523
74.17314555922253
91.50909825941444
78.99641547154741
87.45946955177665
69.969519527986
81.20882987914482
103.64956185337346
72.41597717407268
72.52805146660916
62.753706406852736
87.402723315681
81.19446887101356
82.72280483027376
77.62611740444277
82.55139888542556
93.30044454870078
88.07001878724208
87.1404714702472
88.42652736876096
73.04557642033852
72.87693218013065
86.66507036311295
65.04191994651478
69.70010177668631
64.02553423608742
65.0774173481168
81.98825347617223
89.56000578143698
81.97868244328718
85.40567617197831
69.29121459460748
67.72849185346051
90.37981001300956
83.29353962257349
84.58062890684418
89.36927747804268
82.44039747297415
80.65129588982592
74.38851920657086
67.8908052857816
78.69873689319617
71.28641630535999
72.9989627643467
103.05727263572211
65.5031676903427
70.95316101192367
79.90201824410133
92.60110437325014
89.17882111155348
66.10753184065611
88.4927021157029
94.36214122570695
95.21189968775016
81.51316118489912
71.33039398586436
94.921018536256
97.86364951099186
70.59898610151699
87.60513729406946
73.87951544426019
80.08660590772058
87.25539812155057
99.3876412273538
82.83073933178375
68.3661213943496
66.08117410607147
67.12258212968146
90.06148661667245
70.59675388139227
60.873260663843496
72.83384780147898
95.16285306815635
78.51081370752604
82.93071175738866
86.17251915078405
69.02112796129965
90.15176106071016
94.77341388615633
92.8479685521041
102.52907981556038
88.51003102015775
89.38271129670505
85.34468741752704
85.45178544580551
83.10893708743694
75.18624531545206
76.98275785133032
84.01143456737519
88.25823052916418
72.69334165959162
81.58082529651148
73.51001205043148
87.98211041863219
86.2602355992895
75.8984028683655
68.4586025574514
81.35938275967953
80.10620757143788
70.66623163239827
76.71202749254115
98.16719337244686
100.30519127735295
78.10316128595196
71.71095450839343
95.27289571096364
80.62115540999521
58.77495361677677
72.79087089174557
92.7696766374842
81.84453485659893
74.20300772925223
94.12730574541862
84.81104516923843
93.54527004795167
75.5866882933968
77.57913496737666
86.71949615596176
96.20567619636734
71.41506793905081
92.68287890824735
62.80044998450002
79.73315538739557
75.88224044242861
80.63126597478652
72.74826409830818
102.37516517130831
71.79044546541712
81.11684350970187
81.06671591048216
92.64773353846803
75.96545717409411
80.90938200187703
77.39636709638397
77.63132798779205
80.39689519048503
62.073205014027515
70.55066708979768
85.34983635561191
67.16023466879302
87.69902870975574
82.53838796851919
82.64611539908411
89.78334690982491
67.87437571775747
82.85552007226806
63.48986103204738
80.46661684127028
74.31300151921288
86.79445869226767
91.07359086927721
66.00214370319978
66.29649994185796
72.03464769095248
101.11338362407642
75.73709767592729
59.8012427942901
76.70578860461306
79.82863711120557
82.06614064653772
80.78908452428846
93.08465087257241
95.05793458698162
77.20942158257367
76.62962786324167
90.76084559103901
72.36655011429718
74.77883773465436
73.21818722708787
67.20756848254503
87.83384319419196
71.4832462238133
60.75743060543657
61.85292791531093
79.94639715533368
79.63652670118148
80.2729471197824
93.57338026594937
79.61393691065481
81.5909614735842
90.82269228913938
90.47659669795351
85.27729718896899
78.84857571413204
75.76532883447078
68.27801790026223
95.68385759516696
88.29391374808692
70.20234547485778
69.90356008796631
82.18567808443386
71.43269365969884
82.69035972654697
94.20547137248207
82.71171883882852
97.92084821432353
78.80943335034925
61.319157821498976
92.6018521313148
71.77285093056722
73.88129425686127
61.97342709853495
57.766012184637034
83.07134971117668
92.18271315707997
79.47640936808317
92.58080885007847
82.7846422330357
78.8840885180956
78.37651926124035
73.65471751253172
94.45556874139248
91.9742503342606
86.13079710292604
84.32495220434714
77.8335912059764
81.34702525831256
84.88295821771393
71.14835803678103
76.6659275236862
103.70023565374811
70.09373498099815
83.60447901350783
71.57694756246931
57.563772009610375
81.9827140381882
105.31699469842576
79.88475748399611
80.20335696574541
61.35785131112632
90.13794578732234
90.70918864049399
66.70581088469935
79.86939988970337
78.81744997328259
65.72355680002426
83.89704969731825
89.53580514589707
69.76822430466706
87.59746825385315
78.67527854071766
84.99474849657241
86.17559528552157
85.43023373153173
92.6368070837312
72.04597113270806
82.52423136421194
99.55886658339365
90.3770659435447
77.6353946471312
83.75271455199018
79.85756799736797
85.7759945855826
73.96992768091127
88.6692562711291
93.30646929095983
81.70509448595311
69.04383836292817
78.30343776020007
80.23791278200969
78.50612276370686
69.89211845869485
98.40416459369571
93.13641036631418
69.90141911592468
83.96017460527432
87.21558338142151
98.3485828282605
84.37873353595444
73.53875560014808
84.55877544073077
92.83418116728066
61.22373499812257
76.64200463396014
77.95957314733289
87.05494377786736
70.54074452219538
80.1770044038912
77.09921423086914
77.38501137114648
79.12430456212334
67.05727631946556
80.49964587923178
86.25482115092863
80.20755391839032
79.90547947357773
71.31642661240082
70.22295616262397
75.41576227622846
90.19013776149042
100.19104883222406
91.38434408159647
78.34281938052374
79.2965774161611
95.07764660067943
83.56473599098618
87.89248637356403
91.46722506003742
84.30490741934453
70.16083280513875
85.13147905710098
78.62089932140397
85.93929214727736
83.88781922608953
94.40490807543131
88.42778878097374
99.76894855311897
69.28489382307129
84.1703450270866
78.19860373077094
80.52732219255665
69.91541689886763
77.0423546283972
89.85675190624073
82.42961761536172
70.4239492346392
88.27848294073598
79.71772436465588
78.41058508265336
86.14072858091585
89.14735991997364
70.91849373607357
73.45312212455636
74.1573981295838
80.96798810791601
89.8591702585381
75.71281185920701
74.64459133154776
67.4519347431377
73.1273626304672
82.8267402825025
91.27582475929023
87.18153442743264
92.65490070562817
80.3198066935285
66.32185686401532
82.89845594462221
82.06310469683157
79.63755648972646
87.29369831342643
88.32803869180955
76.05035100527408
81.35315591238141
85.01437647968974
97.34628602712806
90.53382722553732
82.35675406989753
93.73557964113193
98.69316033236217
67.46722482374314
84.24162066346997
91.23216752439927
88.10631029441504
99.71140755857377
83.63773122808563
81.23070519272436
83.89897762333891
89.07593759765868
69.16940122571273
52.69201997421079
88.81271664750126
82.90680270504579
85.14099868736452
92.27737578126583
80.90706844668568
83.94856138796578
73.68344958612637
87.47052331050594
94.36979348015856
89.08055672296341
89.08103158467239
77.26970249388962
81.20665114811115
63.00734136556894
84.55410677145716
81.60655951451966
84.21076733784412
70.3834502828612
94.89061525312522
65.01237211198175
80.74878469256039
78.33943207087673
87.44692777862726
75.2852727279715
81.61843720245072
67.3738559082492
79.38676290797602
69.2646584146516
71.30432922717249
77.72203610611464
84.00302580585888
76.26021622056061
69.61624216432031
86.3048154190268
88.23306383780451
87.1559734643514
66.67828948392358
88.52448551846835
82.10057596633901
71.43373384903799
106.81538515222327
66.58118804068847
69.96950987589085
80.74024336371727
53.52759394469986
76.37996408030871
76.40742786836182
72.05551865031205
83.21340374015352
77.76995691797688
91.43636910996575
92.23115288184243
70.63188293786055
76.39784417118877
79.60183833364437
72.64380728373719
80.48398027883145
87.91970817747712
88.01322295283214
79.97346706032673
79.1613192798894
91.14050945244341
79.32630922982437
76.76520466536682
100.34369336546295
84.49589686064432
79.36545224558257
80.76216713920569
81.26909913232456
65.99173095664754
72.2503525992528
81.48251999441877
75.82204225222091
68.1688489494114
77.96634280218522
68.26402454173481
70.51433918668202
77.91245569114935
83.67707584896888
72.00936582124686
67.21215197754367
81.24727357351156
82.24805434875202
67.83449839583277
88.50066700265543
68.39919435360044
100.73232726309931
73.22932355163039
85.07983783136031
81.78705505196393
79.90569960862929
73.49201223565211
82.1292413994956
81.58796436792954
93.1542649856527
84.19021249516489
68.4691394726697
82.25022740531375
65.57870943270076
60.08541339655029
68.270211162305
75.74279893862827
64.69881872768181
74.16326572114767
81.06644418157515
87.4423495524616
67.49836379264768
78.70374125961393
86.80963110873442
79.43594205490452
81.58766851764928
78.07866364481109
86.1924109484633
78.48095407227335
105.06790363437239
92.72437096831464
87.1856046142746
82.11620167046503
98.18142290744619
80.70373357042038
76.82655084300586
90.0176342032274
90.91324428803188
75.6614216163619
83.82659163618032
85.81718345210527
67.5510680354991
63.11125474105998
79.38503338232184
73.5161240049801
63.39653077481907
77.3561177646591
80.68546579103003
99.1819922342183
76.41860080064448
87.19956307136607
93.30130687074363
74.24640802792902
94.77359044866851
65.62737640645551
81.67721982059561
89.84350846229444
95.5603687393374
95.26247734186609
88.54830255967887
93.41917774429646
80.36989495530891
73.12657901296342
89.93974282838691
81.11593983509276
71.98460817537492
97.19506013082022
77.07747695177669
61.9275398002699
76.81298146910045
72.66218727574987
81.17321694287286
70.24418543552424
75.0836589601746
75.20446275622182
67.4554953900986
84.95086003268997
71.24645449872799
75.81729918746596
96.03305014781085
80.81282107779647
79.73718345786907
96.66149798159526
95.46285204487012
69.49521288274174
75.62387778063533
79.18078841710621
82.34062346660467
82.28849036667597
91.69181260027455
80.14655172387978
81.01149537253772
77.71629380815072
84.37861643038417
89.96225647494659
95.36828022512715
90.16174852870499
72.81635924609208
89.93306203772134
83.57393904547338
83.6994190863416
65.205108702796
79.20856671388626
76.0210377453148
91.59058863583672
88.00722994398132
86.98874714281243
97.181032119712
70.96174731121657
71.04629503292881
75.55976537469851
62.077619424135285
80.47295304922119
82.9064893784118
95.88019911197287
109.70005978224873
74.32362110270508
88.12419002651271
68.05844597175115
87.69817738207566
79.45304472977656
68.43134977370565
96.94375289554291
87.72698955121982
78.70582585283097
98.25320636594444
85.46551231227485
85.22976470115192
77.67327963581107
84.49433262048753
83.61766003522848
69.59376743346945
70.25295310481006
70.01374077216776
92.3917984063406
78.14626262365482
80.92628583017246
73.2883414352802
76.42287637387672
76.25361150232247
84.79323084680982
84.88184097601899
87.68793282615667
70.25722451244957
81.59793598744884
76.19957333809784
73.53069751975931
94.63751566432235
84.17088856908447
78.28819043573765
69.49217707838031
72.89244371057565
87.29713937539051
100.15760437360467
92.69498076908327
69.76294540844954
104.91289167142287
70.79602661396433
70.52642972855045
91.64399338364265
74.33549796349787
85.45301182341292
86.55031184769274
87.51609630158669
65.41383211736803
73.61646528946153
75.69490453597938
84.21233388980716
85.26430967261389
90.65613395507356
71.51966766750405
80.00072115855042
100.10850303916293
59.3291139828077
74.72073392916725
101.58436561739941
66.98835843649792
72.7589166199698
69.82805140269419
80.2554190724532
85.7463531127556
85.02931433149624
85.29242780344643
82.81882546936541
95.241141460061
61.07404490103316
84.79546673260876
95.32366875967486
62.74267423240159
74.00152189154736
72.78406221327015
69.99888800936708
70.29639598676819
73.43831865135381
87.98794964315233
68.96680993459668
88.06617324361024
86.63081307056609
73.70801748085182
68.53711729218098
82.10119190817674
79.47396728549025
71.2244084834381
77.99624556351648
75.84684076642375
75.7711004936681
76.10371247568156
76.7153720393005
71.63639519756384
96.73463204310968
77.79485362306617
82.58686939777134
68.34111823573276
97.34148510842181
78.19650171373772
64.78957752089931
95.13236850959532
89.91763577414565
79.95892930381652
81.51463534439901
88.67656804766658
74.78495632531678
93.81361638300905
72.16033137947981
87.36473874558767
78.74405120771598
104.57236349944982
84.41915933240006
59.26317030628448
86.14500849615395
80.62692315216796
67.20306537575165
61.817891928523736
74.60590103925567
83.15316682079376
88.82019888047216
83.74010404340072
74.90758232948542
87.87889755327075
94.19884389928532
69.00475195757572
88.08121556770297
77.38663629457935
85.30280311021501
68.2766978881908
88.2113521974174
89.43633492172857
97.72787259668598
78.21537443998659
56.38443120670168
95.7941792684027
77.55689165781979
71.5062380656064
70.62064235406724
69.13679674438703
92.83880945246159
71.13892685469042
69.71168970839763
86.5203452241658
96.42863183186405
74.44697798836374
70.3936699187618
66.97004600245309
80.1316374442229
92.20280297493663
84.99419080921155
77.21829426400095
95.47248013975292
68.09744436766047
77.37827974336071
74.79033553922827
79.6718484697843
85.46261958363861
80.87187678918123
84.90979673780072
73.24957449182655
89.98834846161817
64.0065443683181
89.70259812721758
73.03233366439687
102.06234670495023
86.19967376695409
87.41296411353454
65.0069463074843
72.67176161217002
82.46967075583407
72.88364630944633
95.78631631205474
95.03983185151367
87.02780213199073
83.56279967222073
84.64658634279999
91.0915660779418
71.251749967812
51.5814575347818
87.39187091227339
82.786096647183
70.08999375965813
56.66116509161397
72.22300576015354
61.42204717482934
70.82038486770082
86.44400627900572
75.24293518919865
86.36502593187886
80.50529672113538
86.05785225924183
70.05372712368579
75.53396079902656
85.1774873414228
70.75939794863999
83.01054351953393
87.57016222400634
75.04393439405067
78.1132244060639
73.693468770202
88.01154515805425
79.10084634671743
69.97006764341234
70.87546849920851
64.06934174797406
70.2004205209882
76.05574957275769
77.55236341790238
90.7184234657629
84.4017789147271
68.82089274610446
86.11790660498923
79.79232848484588
84.5952507906641
82.28780676073218
81.17422851851178
79.62736498331257
89.02436909401138
83.41935466855745
69.40610196136667
74.60062579427492
74.52546991451868
69.01466227262584
86.89880648340363
83.86740191871401
73.01585573517355
71.64467887156209
84.58103649417687
72.79134683857141
61.66730495844391
91.94665533531372
60.04410547186345
78.29776267050408
92.27906461603041
82.04947738277119
76.37593234260656
107.2301725617561
97.56687831660716
75.8375102002093
89.05320768186422
75.1961772966818
92.60096767800066
85.70018826705362
76.94540598298943
96.66155827534455
79.08448723859838
82.73594381060988
79.48663340415405
86.74068106165123
85.28698861174676
62.05400339748756
88.69924761479456
94.82259805945002
63.27147667390516
67.19506159469663
87.1151591400166
66.58702129614346
93.28834034857564
90.51462011914481
76.44714842767162
81.2691083061734
98.63566353198085
76.10735401312836
81.25351691506145
77.64160328831115
81.64324417678583
81.99538660103488
91.1670058902382
86.94703445929524
83.54810841185991
99.44227444515647
92.57190361170127
83.02881912883383
76.40227537969037
85.28590196356576
77.71670540890761
96.83759489552855
74.98045248417324
69.06605489678047
72.93197898176544
75.14089741550146
99.92559178462896
78.75569957025857
87.27379839724252
87.34467524169902
81.40343692856318
84.25081557325626
85.39408703530123
90.80621957130369
76.59941478246144
80.32107144197028
74.13707990342007
76.33591338809903
83.20206891611201
93.61089459565876
76.33497206354852
73.1471819181952
102.72613746891852
62.420181016536944
96.1266780686914
79.56261414418475
90.70863549938214
82.45500894940164
69.00343494787555
76.86502265313925
76.05766694577446
106.48432824114688
85.89231001506701
72.25770130304588
94.25834903904288
92.68539204883477
67.93342798253695
77.40636833317095
78.30960391190615
72.35572668621394
81.1397647969425
75.59006318735621
63.18175610468265
70.49049494574834
81.32100168521019
92.83313888626654
91.9674065525924
65.71066205628581
70.50509108244485
90.75847791726403
87.82288689973281
67.47151762980899
74.65567899057037
77.17269653397877
81.90840797967402
78.1525045087665
86.11651941359747
85.39245993981922
79.72793311330364
68.83818799065553
73.18616278202005
98.26616089988862
73.40036744022181
67.57053843307824
75.63444060753663
81.63701720877327
77.17446937248556
77.28849872106444
101.89269027742249
63.34996979172637
93.66414190338
76.078617168682
86.68712329709828
60.15738083023483
81.74846562133979
66.85473502308437
84.65839899091134
69.119232486768
75.86222835093739
71.10309654387271
81.34965756127588
91.66875726940103
76.68809509535137
74.02229966818477
65.89572766453765
102.33206858208908
63.88617364003783
70.59864277996107
80.18899281094627
81.87059796341813
80.35483788990331
101.36983644703542
82.93564503678556
87.8762474817249
85.50184118982432
74.71421498346864
92.43011062637139
80.9710344971424
85.35653220633509
67.70457376847114
69.40226127006792
96.45137087925417
62.384110710192736
88.7128204522364
88.11003840414584
84.7272548758635
87.8213476499575
78.97303783268264
65.35469331712423
92.67046387239591
97.9663143670475
89.36135160421243
95.57027586236147
74.50701544925158
92.15026376472092
84.90394262252833
65.71594296930289
73.35943025642952
73.58322726668541
85.89090406321819
91.46379577048666
94.12867912782426
88.74999596340294
88.19042813627895
85.02782999252742
94.18024894516921
65.50543690030709
76.3642203576928
80.8416928946424
90.06150644594562
62.71057744061791
88.45785369398065
82.81127452472406
73.58467672556279
91.13452009403488
70.77069736898784
64.11268901095946
86.73073963879831
87.77120057150769
85.07515558503093
83.87130751066597
80.66150155168366
62.907388789445605
77.12818949508627
69.07452389526611
58.24358501863999
95.70097970346811
88.84609663672425
72.56062849414451
69.04512941749462
73.92077005848088
83.03607722294909
94.7401798066206
75.51998975900695
78.67041327700356
93.94565091954794
69.58767337180875
87.91856227727584
94.69368851342294
84.05870193927404
90.43845133003083
93.55383466925322
81.63405007100089
73.60542889445277
67.18806490140072
96.77756010686173
89.67671641867003
65.12877713596714
81.80062825098713
92.37726016357028
100.5081515901091
86.87607480701104
90.54160487392086
87.81050190959543
93.73828168043008
76.33522803683836
79.1039152833436
99.79521569222942
86.87668269873527
77.41890375403895
60.65234388861725
83.0076847690174
74.51662514495385
77.49399763232552
72.70003028762936
77.03191913725423
88.48068948251391
76.1385897932412
62.3620892820121
85.07298192077448
70.04674576958858
82.00210177384088
75.74502766968743
75.66519554590741
79.60376739173006
81.18187452840336
62.32279238991266
69.41362828091086
74.63396308075079
67.85310218721764
54.06145616061593
86.41515093149616
78.33603515357606
86.30790966631088
70.76988781361705
80.42497107398871
78.15799094886812
73.18933816494169
88.03164626251694
76.76730341751673
83.67852008043042
78.7667317842475
73.71390798442727
92.66785330620654
66.52045934581477
92.01364204839291
86.29784098106029
71.0609713038104
95.5772662430193
81.68815208306756
81.2575185631732
80.2983994952579
74.77075779016226
81.57000284631364
87.35452416072206
74.24385618078017
89.67543970683045
84.96131782916325
90.2716901628365
79.47372442922105
79.17556211498709
73.82419998393999
80.8517071138197
93.89378131639077
78.83914010126053
78.6689676050567
80.76824452129907
63.66609664126066
74.45406692475882
96.65752768515192
97.88028780859395
73.26197029256596
83.65390198741105
73.77550747285095
75.43983964213415
76.52213299199472
70.585448234139
77.7680747100791
71.81894824370666
70.57345888623246
72.07103462205953
84.37742466946654
87.53879128135327
100.53205851818112
69.46140103157522
76.52914436190655
83.80704806888016
79.72004072411562
91.55953289202137
90.35233395418561
82.73188960183913
57.12294877167282
76.92297755810692
79.58572384945693
83.0787133384935
78.198116963381
79.50343248448908
60.643271163644414
92.17806028574805
84.29041483237582
86.85338110302884
77.60656503066019
83.65863675907141
84.59360269012113
79.9850038625902
58.91705660758406
73.3409385477014
84.46385562998479
80.87991874074797
91.52377224788104
69.26445628784307
82.13543275345063
70.16619707347014
89.38714397266097
80.79027905527721
71.31094521538506
78.92578870272538
74.5279648634421
69.86579220525837
55.62432145943464
86.80726140894915
96.42535004881731
81.13854841873456
87.03846638059774
85.06068942870542
71.78982739789737
85.47251311737713
70.90871957571228
80.70643060704926
102.27699418505263
61.03023071143801
88.14644107564102
64.00824267210649
69.40902898358003
70.1721247961468
90.37372263223703
62.00054332733187
87.17394991581114
83.6684723291787
73.36932954781275
94.51753452898045
78.22262987170268
75.99138234128245
79.48779878022798
53.81437921108337
78.22572686938125
62.04215514032784
77.05826467005822
90.03169365338955
74.98896469490957
90.11508835583554
93.79110983796396
65.01342693721074
97.68901863198022
89.44219401745443
96.97032162281995
65.92622836553312
81.93694881718284
69.74745647746803
73.79052209884142
87.57340092859538
88.34958350175677
82.20776959022953
70.80577382561005
64.57524943561367
90.54237109627584
76.56221387913826
85.39934040808083
91.68902384657855
85.08200252007936
87.6622715208604
65.54209084996799
75.49806304011487
68.98551817618703
78.89348635254976
60.505248961040145
83.32608414290044
81.3230544610058
96.33322383543451
70.57964467946887
71.71649259547276
72.07633623823668
78.6497124453786
83.99891744431028
76.60006976201305
79.41509110212778
77.53267236029782
78.37215565808233
88.85867522432453
70.66986927075621
71.64970635727525
87.35933057433081
83.69099915278233
86.67054634297094
76.85910210662212
55.686607885575384
68.455573696664
80.37305756860226
63.001651393297635
110.53283949934257
92.8155345436194
86.4714699564159
81.5039554937219
68.96546020160059
89.97923746014604
76.5431025568234
87.27283475345077
71.05123657971491
74.145400786661
77.59657380966588
83.08729331040445
86.72505759148075
61.42033288981778
78.89645516958245
64.86495690682958
92.5502929378436
84.25419369286291
79.21550120763474
73.86908154192903
84.08440902974664
74.29997731107224
71.2854412767403
88.54126122517796
67.79278939133484
60.68044643001931
74.69621899725338
83.04812617351709
78.58919595003378
75.19228088981518
66.17112577663315
74.61359850482471
84.54286370521945
64.66387673699126
79.28236262014062
75.14419582613539
65.87883748492243
74.31638400459371
75.67902324527716
84.3304145209679
73.92317423719294
69.03068401982979
67.34174648609213
78.41506690497654
73.57746352939841
79.9928265683466
94.05568294436421
69.91178960739751
86.01869439334902
87.49870489306628
98.65155835937591
81.75064156062827
76.53260323199049
77.32854603821555
70.3661415270541
70.26168944607825
90.89172602543012
75.37571242112648
85.65707863260698
73.95910449275975
72.70251891847803
88.82484971192946
64.48485610264572
93.32015197155312
90.76081170059949
70.7315383336793
88.85166835436777
93.1693405660546
87.61612055484389
79.49571943950764
59.60889517184039
81.84038951599166
91.56832910071257
94.28688624547254
71.13909157503045
65.29793905903801
75.54089499394566
71.73812171139502
78.27748081408676
65.78146521600567
78.9329435849385
76.5353763137986
104.0511052650681
86.11915362905583
68.45835185311162
70.75835579588146
86.4158960641779
80.11868165635434
83.74946296053375
78.3379558218995
91.51215043325287
76.9062101566704
75.9800318478704
87.97887694844104
79.53248302961198
67.84881404976588
72.26942978479171
86.24773285281978
76.19125717510794
91.54567479151257
84.46430575584174
87.0345523722068
74.64872138114556
69.42795099116586
90.58163751830138
70.19106567040932
67.5223063210727
104.31897912095366
81.27587513605806
95.53758529865705
81.91350992218713
88.07330007625256
73.8497335758438
70.77821397946306
82.89541561038178
85.32321095185148
92.62349229701309
76.8583403146142
83.2145009602192
71.11794443767837
94.13690514577812
97.62370957975506
78.95777856361909
92.63101890642344
84.34163764890974
76.24044955277557
81.15025409192222
75.60832621311275
82.31595373658472
81.13373404282997
80.80549846678772
79.3007097176823
94.6474890720107
72.71511194638572
81.39993818453249
64.47806894774834
81.29576859954594
67.65832684213497
76.25813001798262
73.7035408255781
87.25855898357821
83.79016452361105
80.56896206186804
69.78828402899993
85.38982323120902
89.06880010914328
82.1342425019985
90.22600145373958
74.06736456579375
92.03623661899655
78.6990435253328
72.81244691386622
90.53894681358112
70.57747037019641
63.8620396558261
83.41320424132735
80.67868885557367
90.25778957522725
65.36591096924349
85.32151304969105
84.72321003179378
70.4747171528421
88.69568963957339
80.43963319445335
77.69494502261372
93.4562160291574
70.19356379409685
75.04048159066912
67.25976273504529
81.38290305661442
75.31246520742633
80.27121048514941
81.70942201271978
80.95373277400242
90.65976211092094
87.42541934954198
82.13804144217808
74.15879408561024
87.1590994209021
83.07558988663067
62.75756245691927
72.03695708946535
84.65429014912606
85.20299528875714
71.07968989219802
78.5451017501805
86.36972948648923
85.36549333949938
85.40434917399989
71.83062643329872
98.08810868647991
90.23743008886895
75.22371189832369
89.4639611072701
80.89045975111385
75.33457059913584
86.01288903212495
87.98554537001486
73.25363651783833
83.40072584820535
77.77947052992377
90.93708429651716
87.31709653041509
78.50578174420164
94.03162998052701
91.16654888504341
91.96213559828105
86.61220562570256
69.78090163881495
82.91394290460933
68.82198416574212
81.75559754183851
77.32630549761994
76.11604534713
86.18615468304826
68.60988372485959
86.9739677120556
86.22149997626416
99.02904633399568
85.23059205911039
73.09007565546823
83.02190865966443
76.96969942864223
78.580314907754
89.0987819657264
86.433057822904
90.251937746589
90.89840884005554
74.91293369239598
83.52608499622576
73.26260150413253
88.04823236411026
68.44676264408803
97.9198599990176
81.59408693601159
83.77541231697055
94.75758424046295
58.72187279456222
82.33133469803818
70.09988997353032
70.90661795937024
79.77399825322358
90.52066153934804
72.70480672322651
90.1588681147264
83.4451269066945
93.5945265509381
78.23820863350413
101.71656111827875
79.68010692961866
73.22518618451261
74.66598453487681
70.40997613092956
83.23929425400217
80.2655015431988
102.86590300082476
78.13269225681506
83.82644345795023
62.69943400283103
74.42072450064433
62.5719906387838
71.2121281189952
71.97294528399992
73.21928895255566
76.06867848658217
72.89201976111339
83.54508727254996
71.04973684813746
84.97039553245514
77.2009432622032
88.13716421816275
97.99880585929115
76.65322193735068
68.2803723718714
71.10871096901766
87.67536875573236
74.60954338274091
77.98456847175268
75.19525294321753
86.84751548177533
80.57494591751856
68.76726788608191
68.38606096604184
60.95049487355374
77.02691112016183
91.00287100174566
68.57460049377319
76.96349424033275
88.35801834505932
94.38607230412816
69.73685848901812
81.80983476632127
89.87891840720997
74.79228809798641
82.05708244967579
75.75480001391577
92.10151362039713
79.21207833470723
76.28531054470682
68.1082642562929
63.96304643779381
79.15100010257616
84.56444661809346
65.50545710996312
71.73697579914813
83.11089510269886
86.48687350162342
102.26614238290784
95.91074216007009
94.48955729471405
87.4993051553372
67.05225106648068
98.9348734982411
85.47116533975941
67.90416380762798
81.7777496849449
86.65825564249998
76.31062562941199
71.68967019360053
86.7167447896587
82.75352507621037
90.49049194588055
95.81049392477905
98.6782367883114
78.74041354656593
79.61925672488896
74.98779992312528
94.18373919849114
63.95746105999119
78.26081019359017
73.92755689461842
83.74590339464334
86.14892205600918
80.22591634912953
93.82975916400642
87.42228674871546
68.64471774455167
101.92218594488284
86.8088032069759
73.6544927651975
77.21996640088375
79.83621216554616
72.57659022956744
93.94198427782366
80.84963320970613
89.2637829555303
74.66567277335578
80.24241806081972
107.99930039035574
78.9340618731123
81.24381935789395
66.6428434249697
95.89668810360536
85.5823329354449
86.07279006574947
72.74640784428307
78.6178184286337
77.28076013901364
79.91418256114824
84.81030825985923
85.87219820625566
87.14821942055904
81.13297807884895
71.09687946600683
77.89452416349953
85.74583776165876
86.51296844379348
73.84565484356729
87.99356436428194
93.47833718853977
97.23417000074221
85.85165541722108
73.8043259809703
76.6405563968277
92.51351915488593
73.05246366027632
89.37279245459708
89.13534587064291
80.08103462274512
75.52376995591337
69.10555253603924
70.59726252787794
64.39585210937375
60.85663009909871
94.65713304216054
93.75273169194101
68.97127250116668
76.00198949630148
86.19230220072785
68.02222129856419
69.08261663630329
70.15145059320415
76.36230266891653
94.75310741885711
86.47908254809867
90.71052631203281
99.25428863891618
90.72953142050646
68.97817106384805
97.45137816665643
88.52903513351524
76.21656435105092
84.116788682226
95.86861954649383
73.53357475288925
80.96791751692896
87.17261843539848
76.18895137064055
86.18281569167154
73.33295616640098
75.93469393161021
83.83034963686559
59.86283442146424
89.39385561272005
93.95588511021184
84.32587633847723
57.856283474696056
72.70695998262059
70.81676490640658
74.43444174423185
92.46207105658056
88.30757392379435
81.6683626012913
71.95789576498584
85.11651156162486
92.7143389835017
80.78910459366553
92.36373785678302
64.25481588551243
71.4338384356703
79.43492683546611
75.09145164106081
95.297224994891
78.54764954312073
97.1775569549705
60.4781289475836
83.20256890595518
80.90831716077514
93.40138847074434
68.75157141087199
83.18479405955107
77.33777644663512
74.42155902978908
84.19813257002124
73.63686359076313
77.89146191026681
91.15107921752805
78.521275820357
98.38814386661616
80.14941581640495
76.73591775762196
65.74267912796354
83.8800833309709
87.02225561468626
94.5534756082116
80.70712078926093
89.03412275397577
94.93339255152412
67.59145282229358
84.28849401492496
75.73069243704406
57.67131799804531
80.1548206029166
90.37380428510117
73.385786710991
73.90536655163773
79.60296029216816
70.36198352384152
85.00789134659811
83.6836003150527
80.13805826842042
63.344313854392524
79.77948971640886
75.45124646040351
90.62906636325516
97.7168457556073
93.00125160049942
82.8589678506233
72.61379832654193
92.67210719354881
66.22914402510385
76.37395318218117
63.820847751339855
95.33346238349232
78.91051802514843
81.96063138786192
73.1964215854331
69.52260058337703
87.04335161554845
66.71365790091313
93.26856890933189
89.51296111946314
72.16815908541216
77.53151406346282
94.78156138206636
69.68138993892887
83.70463524693184
84.3494847553922
87.94466205029916
76.83641485245839
87.19804677867091
64.90386195711851
88.20152895774204
96.16733074514606
90.9226781674911
70.1611291515182
61.90833175669522
83.1228030718397
87.01089896558206
88.86324864463808
78.17497400522858
82.82127831510603
72.65005057029066
77.69427828792607
82.54030116769292
73.09728862698168
84.16133656469049
69.91432959836999
87.14255192520255
90.72989400203116
72.22666140221205
78.80741740734074
90.40250600488245
93.4954133541146
87.07043274132548
76.31244001885352
67.97546714929712
73.07684633265451
90.92815438119638
68.25618171435511
58.85761403698201
71.38973888896977
70.37823505693319
91.96281570769267
80.69391395436779
80.73517032874275
94.3934428988097
90.21023704161466
72.84349105286486
74.17624404302789
79.84412489118813
90.45107332914858
81.75753869718955
81.7984726749287
88.48836704048847
77.6955799221827
77.75488027852528
64.22258390646492
93.57594244087187
82.70006874053118
103.5183309507336
77.97953181438899
95.90606208577772
76.40780875389649
88.10951772014272
84.18319772025522
83.83509036102382
77.34861041264625
100.23638642614354
95.58304491178052
80.94995097154305
71.91946920674549
80.18760950190745
78.61275412783218
70.70435109898649
76.48844193085765
85.64391939913281
61.85955092051898
84.31770473892628
85.63533225087889
99.71096292016126
99.47894565670936
82.32339490499214
83.45550594826203
81.58549044943612
83.6990820446755
71.24660184940953
84.33448898269533
96.26528179796483
78.92274303782065
70.62348704163176
69.67380261131673
78.26972502365493
64.21174087142282
71.31318685914154
76.74909359377843
79.30767808732472
79.33906156289098
90.05202724649106
81.80006718832713
85.27261497949455
102.2068528042407
107.72951925099345
85.33111073152497
86.37792719562056
71.32905303245312
97.88047132196012
74.08907055323935
88.43018703756735
90.19922457117215
76.7539020737331
95.57297918834222
79.6935771047507
68.34126892723273
81.9021145179073
89.39315467868467
62.46730098238315
92.57243711637503
72.19792370109315
89.93313557997656
91.4283709712421
94.68456951268271
82.07618257299298
90.61727846321044
73.27065811516592
100.1411083892003
86.43451676814934
76.54109656764771
78.75732346750094
91.44589954043678
80.65605017941476
77.92255351743277
75.51314026926882
73.99826337793998
65.26181523369469
76.26526666308071
67.30336859836201
78.84218867187785
82.81003884887588
67.41016410576562
60.52654913665234
72.98611328275112
81.50015516814614
63.48351871716816
87.30837043282995
72.08018176104372
74.27586592304688
71.8630330811235
77.22622826101784
85.16280489041833
74.84174036438951
76.12682074696161
84.67483050891812
82.3754358595425
92.10772145683029
73.57930535494486
75.90745244761361
99.3101965985537
77.73274171092315
76.94707516603563
83.75113778110051
86.35850564083592
76.99725277583597
63.546274405016106
80.02986928379877
86.58330551993437
80.30261801135319
90.88549130332171
77.53138521042297
88.21343462939699
78.62813881556501
74.18173844396802
69.19887375700391
80.29354718331082
65.2740779254719
77.46701435631557
90.71115880340433
76.59481944781223
63.497005273895
74.06068024846367
80.89868032726145
77.04266650608801
82.50277401429055
70.39145858542761
76.22729733462201
70.64231651154537
79.23061976168741
77.08090335571379
94.46802309577396
79.11817505169103
61.789910691502826
81.93322021803436
77.19927446273553
95.46243608245155
73.27274063647818
99.3687983039959
68.18728682128118
72.09681713352303
103.94654512254178
77.3851469562143
71.80308046654986
75.53234191349298
58.66650401860421
89.54269739089823
70.67423124081206
74.91712192154807
77.71449619456999
70.22593535339325
76.82447805312924
89.39412293263567
86.28477368226609
73.53825817101075
61.562335605253466
57.94791889641091
80.5419084238974
77.99999053848634
78.5780281744839
98.26622460757173
64.76788248763624
88.80903806786608
72.98365318284635
93.0094406536849
75.29378396708442
74.57250065718137
81.23561808240937
66.86376718391031
80.8615857040915
57.28359926881353
95.04560152408646
84.69633475799078
71.42643972218751
84.37475006605871
84.70728765126312
91.85452951630492
73.95398982086462
90.29083868594392
66.84841347694635
94.30257491594058
87.35327685097133
88.5738382402712
85.01285811976749
76.61199329053603
100.21657606174483
75.68020597609419
86.37725152267211
80.32841188649618
91.20274619301473
78.16279552230593
79.33908038726067
95.24448644246789
89.57820407678896
95.4310248683716
93.02696542685601
58.458218294711486
86.07571757184525
67.44125053627195
68.08100910874637
77.26881733616793
82.77370665430742
73.20593200687615
71.05087238142924
81.74178922284389
86.16688142867184
76.48258144567366
82.24029617917385
80.15520069129215
78.62384177293221
83.88911901973167
65.52070982312615
88.84443191199313
71.02807494537618
84.09924612164544
86.51493664182415
75.42897185660138
71.92537063805231
87.94998883458611
90.29074283543473
93.68303965560457
74.24134134357459
77.91342579707721
79.41880340355326
71.28050005733552
75.08348425652679
76.40238838677197
85.72354121411169
68.5029884150178
84.17494176539799
86.72222008724256
101.07290255601643
77.74949076075912
69.58943602561337
79.1333573810449
71.64305444442337
76.15774781180572
76.75865852224591
71.03259600272845
81.32546692508446
67.07924202095198
85.50181902449361
93.43241732496736
92.52484142447948
95.89441699817604
91.03643461250806
82.7699822877334
85.58466498830231
92.183114355828
79.15209189989116
70.05160214539701
85.7084166657895
94.04036655653002
84.43081388027817
84.41711385409135
69.96861469167933
80.77863470344386
54.00912321751365
69.85977027044967
74.77106602716641
83.97104637597363
83.08916625175232
77.88228988010977
71.43686289048611
91.0895523785246
73.0854368646024
74.92459900722893
75.55988919345832
92.93643048024549
90.35934874079952
81.5826220477396
92.22895171264824
72.033523629705
76.22796482474885
80.21676179219241
67.91255924958678
79.96822808519322
81.08826830687863
62.4107300341182
78.2602073240166
71.23565320493144
75.44095077153099
85.8117866532027
100.66497447335783
76.97953980067078
78.75065126829847
74.0767622174277
86.64479676456442
87.81591849276703
102.60277797085367
93.86836568312071
76.66311381645215
71.11770095705567
63.211175968526526
70.89979408979698
74.87902794185297
73.39959779614144
73.92555844204165
86.01404710447252
65.6499598042667
81.36650048696872
79.70726878716985
75.77711105607186
87.26870443761564
80.70667635032046
78.66883641001229
77.06679001024659
74.18031368498654
73.92058091533677
75.61504768604405
82.78877963901652
84.1902980782841
84.64344664367842
82.48502892695133
72.88529874196928
86.85028164718028
88.59258355674592
79.66753261264122
90.76161995004804
76.66893818907802
74.1141314850582
70.82522362284412
84.51414333594688
92.11589914691348
86.61255561180309
83.49151165193696
88.02856990797713
81.96929129340079
81.59842110411931
85.42243359188058
90.29359887251272
86.07562347733047
72.19433326830982
75.22689893474522
102.05015975773028
93.40352180965475
76.46439729210249
96.65671446848772
65.87591759565257
93.84816715031131
101.86265585891525
88.96034735844057
63.64721991108355
64.64150155030032
71.64077928620692
85.27485854453816
68.65953502089033
90.74658346730689
69.66786543276321
93.79966576791492
66.89805812875082
89.01211017997605
82.0323679625978
66.3121607367782
76.40379369670518
76.73675497595924
70.98230252370904
100.13453184926898
84.97561295476001
84.69018985506818
74.397026055645
87.01504471087426
102.71283329433524
76.6084025493371
96.67152630859732
74.85243020621843
92.84828040953919
85.3571606273426
77.76905951798454
86.03283211324106
94.21189780081568
77.3748903635916
90.28055927536853
94.56559122792996
75.99482779318363
70.27555096420437
63.60308783789934
55.978465240218156
76.14209178501798
83.25880622303247
81.56809894418558
80.0557817309016
77.58381998727734
76.7125901975972
85.90111568075314
83.03336567349935
73.25916885331233
81.07176213509891
85.22597690216884
63.56532390211906
73.52179776531838
73.05752090589013
80.05158076110736
66.58427952539452
94.84050068840534
85.41065092411618
72.16350313394166
89.26204873580696
75.29580454648277
79.30996909771042
75.15291614254619
74.83785062886072
65.72019334076742
94.44206156840522
81.93611847298385
85.16240209817971
78.4347608603995
71.71973581848032
85.58261134011933
72.42804572035341
84.55935849076266
78.07343333807856
91.6737776709908
70.61493843842631
66.60045763986989
71.75608316321873
80.3449208457545
78.83779953672821
75.07658255515399
80.34454285550272
85.94733985216308
97.03638377925361
82.76404749846976
91.26841152389588
73.89594613215861
93.68936694772498
94.02483740308165
102.52734864517966
70.20051755489399
91.38553274811696
84.97778031219929
83.42279973341988
69.94823042601085
70.6482872681517
79.34977816026533
80.24485814679909
70.6185180471321
75.67836267420545
73.88340868587049
89.16313303379272
93.647454162451
88.36055128414114
77.0375249913448
75.55389527487381
59.75538511986433
79.87102465735522
88.80435593393923
101.31420979620336
85.5974127058034
75.1100005739165
69.91493471416389
100.29283807748041
77.59282601971411
83.59659982843141
89.38178268261366
76.52190296128515
97.80234932111009
80.85661570681168
74.79550445620774
76.17917134769635
76.98402086994909
83.02691728575674
74.08561483116543
87.18318240587791
68.8286819766087
76.51614871720709
77.0801274228781
70.351195549775
85.30644545596769
83.24192415420556
82.75480586308177
94.86899696777928
97.95160128791287
75.23123860481152
61.410531041536686
68.47633518585887
79.88493633653654
94.78431294117526
88.811012506085
77.31250589492029
85.70399856009692
77.08368842883343
61.670149635683295
74.57800045699528
90.8748958127405
96.84745607238102
68.10091687166495
83.96300671251471
84.44134452440471
82.05729441617271
102.06419477363852
62.94431018050422
76.66549454571374
82.54548595676908
85.31333290181023
92.4514910023247
78.0212212763794
66.99189410176305
84.45943337149747
83.01444368411748
103.341549575958
92.53993187471414
60.9866890939542
80.32232648386075
84.11486493513259
84.26662955307715
90.82706028899236
76.1889834177328
90.9449484810819
76.54363777543979
79.58767014999874
80.19934773094204
69.58630152645239
65.81371199719109
86.60562674430636
87.82514759356911
70.37905839626056
75.73752771949589
73.82003700166788
89.51980815023896
88.66844824752314
80.31703836877035
78.44456292443077
61.54666437334247
70.1623180350801
82.74442062743142
78.3860063428093
83.30813819319775
78.26386678103427
80.10345925625302
81.80036060729128
86.32822652971248
84.43925340047265
83.11395144540667
92.40342043007652
76.14849404168774
89.40626449275604
92.16946248385054
76.42280337373325
78.46084768678766
87.7971919663962
73.5014980435471
79.37001766222585
68.44645371803233
64.41509502992632
86.37060573499278
89.67177264208749
94.07187505619754
73.3438522382352
75.13412367291971
87.35823214064305
76.30927336058045
81.41165030998042
84.1702902415765
81.19743615263786
83.55148118153632
73.5501190089071
69.11497945303958
77.2066819806582
76.48874900569385
89.70709047417616
73.54103197662408
92.69190811753941
69.47226506256075
79.30288741116797
81.92674589529014
74.74497087215299
93.77675731169398
82.30602296092334
72.0140132487436
74.8127151888964
91.48864445504836
84.86229298927346
73.4357832890531
76.3416962293887
88.58032490027588
74.06651306419796
75.43409848373058
68.09804121910909
71.70763644523933
67.87625265847277
89.42018966960075
86.08986800072955
90.3641582605014
75.24575479669465
49.37644461404572
89.49193276731319
79.04260663278967
80.27207456006514
88.25816274367781
58.92488216582268
88.02540385703554
71.06727611635853
84.30618089685355
86.88514664108546
84.2489408301323
72.81427992571858
81.36148826669562
82.81692914021423
86.39905155621679
84.71335391189685
74.03737729198733
72.75111939185491
67.04027658255428
82.08263123591524
95.75974588156106
80.2212275754184
84.8099726385057
97.60560896384831
75.1315979329944
71.2361817869799
78.95780419404394
75.91095163766181
68.89826511302405
75.91745830352946
79.11012463894272
79.19797735746948
83.52946438246421
81.93841418723949
92.8226296245999
70.38667916040004
86.69157311159412
88.04710730032431
86.41700274171797
85.10513509017433
68.67476146421149
69.88381741342101
76.40655416703964
88.16386456351427
78.1342562472349
86.1925739733176
76.00187062152656
65.52008538923334
69.42522786694994
72.16104957387658
76.48777977206997
91.32775296062715
72.31018680187154
84.3188965358727
75.71945411004586
69.51787972264849
92.96351949064021
91.76058339434904
73.55863266263064
66.8698927804108
75.31289906699791
73.47140776153964
66.2220385677717
61.056772336962155
66.01949661618177
64.83841864189755
75.55269460785955
86.20991275669378
91.07201437037861
67.76487960822071
66.88350327464248
95.60010472279474
89.79270941609101
64.57152624216229
70.1154498705496
89.42129261862269
68.00196179575546
80.59305235769094
85.0935379068593
88.93113140350079
69.35060301295138
77.18265275361335
80.95317185141192
76.18097405070714
79.81122814891884
89.25764075196017
92.44738676561663
80.61976542105563
71.57117859847396
99.99404750898124
91.01973274303954
68.70268063470179
91.4172471902433
98.47779103175175
85.92635531878594
85.76894288899001
85.78639163438152
73.45341000502168
85.26069601851663
80.5817111594437
73.21324819937045
75.24240829046258
81.87290887662901
69.49041548723142
92.85280847160392
78.16843362810218
78.45454250545485
87.66674460728667
71.48715386294742
91.90056442218265
75.73744410894261
80.59312975872979
65.92379772155877
77.5960947545449
82.98477206920933
67.54109726508104
98.12569212915855
80.54076416672346
74.28740802383173
95.3823484706868
81.57509461902985
87.504036137139
100.08094537125024
95.23671161720519
84.60058885238911
81.62060081557159
79.248417042835
89.8023263289507
79.1991354253947
88.4654876723791
79.71514478222906
77.1028087573882
86.37507134759123
90.91564671938431
75.87838668418811
79.84858630385509
92.04927494254494
81.86726281287456
91.06110036336227
94.72429732888082
82.1653399343468
78.28964086978019
95.21026178840962
70.55621022167635
70.19672843203004
88.84727641169343
81.55026972505044
74.11086972060784
79.14734698993789
95.43357062471478
70.65396109130839
73.66784117824385
62.67260986020598
65.41475700643488
63.99801929884344
81.74357198146174
80.51278735611695
91.5418485098463
91.78991032236385
90.4477756275396
69.19652015794384
68.01033934035614
89.03784738790121
94.54194560279225
84.96464525068737
78.57906636901588
78.26172464903618
87.26372047448703
74.17653418994516
61.93890268378545
88.25173448549323
96.14299818211741
72.56710882345985
83.70307695237912
87.92523357267129
77.24953212780747
77.55660683970015
86.9778651915883
85.06720045607571
91.44754602047256
70.71436843699291
82.23472892589183
87.89738829566134
91.13309491016648
85.16574980316169
80.34154543878554
87.84231357078856
71.32198544525511
72.90870848208257
85.68776845072595
61.931557634151375
79.77792203318943
85.9802366860932
79.59360932801924
70.39464932644564
78.61405623277032
71.7420996688079
85.47132475089367
60.358506537269875
60.04366037729404
93.2578817203252
90.90957099669599
74.61251952322885
72.7585811577157
85.47265999317642
99.72977207874139
73.31332136560141
78.53717315259298
66.886528420826
77.02230944461473
78.52116121689687
83.2883923053308
78.4866109327003
94.51168540624843
77.7668970141801
75.51743272307682
82.74365604375036
94.17019816400682
68.3896844332302
87.60038985814472
75.07001942601761
89.57696120337712
60.83299556627464
88.75690120830915
63.468639151103794
80.66375510515819
78.0184611763661
84.45145438308406
89.44657584574026
78.88091645199258
74.49266174926248
84.11454520515261
75.05077385625748
80.23881265622758
91.43531450238196
80.27487870826843
84.69697805895566
86.48635040721823
85.8331884174468
71.09972711290061
78.49252881493175
93.04401182836266
65.0647339287351
90.20093285235183
69.76220388637275
81.86095825841664
99.15357921953141
74.5785888374973
74.42401495573523
91.28074279928427
82.33072585686973
72.29777099612356
66.92156949419214
77.22225435721892
76.1515264564628
93.73565890415362
71.38715812218607
70.64940974898866
68.16151604245948
71.27937735026934
86.75395800286724
79.30483417815014
70.04216728029583
81.73486440147667
73.11707090130173
76.80749727979072
71.81410959621672
75.17675510536166
73.1357116359714
72.3572184112382
71.5058935309786
67.51518286074337
88.20900945916785
77.81635729223933
85.47478592801488
99.67704717637164
82.21071483551168
81.05058868081215
81.1288408253747
78.82627498063266
71.97634821792457
67.77760367086252
80.39041051052195
82.14125480882909
87.87999460578212
78.20488249945458
78.86130751917682
67.5214365921108
83.73974398066116
80.97240434833232
70.28860462835641
76.15975234338872
93.28664378719876
101.02404329945006
89.96429972866824
73.57689598683729
87.94855187197363
77.73435364050974
83.47419545624314
79.42990877306954
78.64712946597523
83.62740231282562
65.19597680434319
77.04639119722216
91.28268259506973
78.83308534060187
90.44986412295411
82.8230421878389
75.81861002113399
89.42459973801681
79.16043181091462
87.56392846295728
79.36852979978087
74.01028728212249
84.88585140838234
68.75284995149914
92.2680134647255
79.10998465121133
76.15839125761323
75.56744988615881
78.9752332048865
76.62305583775745
82.65983087261868
76.9027093224314
77.38692952775646
76.2289431506468
100.99250662490003
80.80426071293236
81.84989977047161
94.58716867886243
92.58516370720461
82.30451879093661
75.62970133983153
84.12730862681715
77.27970471670741
59.81824957794858
85.72577103372276
74.68171187850324
76.26368222019249
94.5060997234539
80.2700982610238
93.90675763241317
78.94846631862525
79.38839370085111
80.2179952887295
86.65159409619375
77.08207995632202
80.38910945160609
54.51144353165763
75.73000112667975
79.41341694442832
66.99593771944822
76.67874869886084
78.63335583036914
69.77883903184339
72.51312063943723
89.6955420924562
